postgres@egor-Lenovo-YOGA-510-14IKB:~$ psql -U postgres -f /home/egor/Documents/data_analytics/homeworks/HW2_EDudyrev.sql 
     ?column?      
-------------------
 ФИО: Дудырев Егор
(1 row)

 userid | movieid | rating | timestamp  
--------+---------+--------+------------
      1 |     110 |      1 | 1425941529
      1 |     147 |    4.5 | 1425942435
      1 |     858 |      5 | 1425941523
      1 |    1221 |      5 | 1425941546
      1 |    1246 |      5 | 1425941556
      1 |    1968 |      4 | 1425942148
      1 |    2762 |    4.5 | 1425941300
      1 |    2918 |      5 | 1425941593
      1 |    2959 |      4 | 1425941601
      1 |    4226 |      4 | 1425942228
(10 rows)

 movieid | imdbid  | tmdbid 
---------+---------+--------
     145 | 0112442 | 9737
     146 | 0112342 | 30765
     158 | 0112642 | 8839
     230 | 0109642 | 11929
     382 | 0111742 | 10395
     456 | 0109842 | 13815
     582 | 0107642 | 47507
     703 | 0115742 | 43634
     874 | 0113542 | 59569
     987 | 0118742 | 63945
(10 rows)

 movieid | imdbid  | tmdbid | userid | movieid | rating | timestamp  
---------+---------+--------+--------+---------+--------+------------
     110 | 0112573 | 197    |      1 |     110 |      1 | 1425941529
     147 | 0112461 | 10474  |      1 |     147 |    4.5 | 1425942435
     858 | 0068646 | 238    |      1 |     858 |      5 | 1425941523
    1221 | 0071562 | 240    |      1 |    1221 |      5 | 1425941546
    1246 | 0097165 | 207    |      1 |    1246 |      5 | 1425941556
    1968 | 0088847 | 2108   |      1 |    1968 |      4 | 1425942148
    2762 | 0167404 | 745    |      1 |    2762 |    4.5 | 1425941300
    2918 | 0091042 | 9377   |      1 |    2918 |      5 | 1425941593
    2959 | 0137523 | 550    |      1 |    2959 |      4 | 1425941601
    4226 | 0209144 | 77     |      1 |    4226 |      4 | 1425942228
(10 rows)

 count 
-------
 28333
(1 row)

 userid | avg_rating 
--------+------------
   3276 |          5
   2147 |          5
   1999 |          5
   4938 |          5
   7480 |          5
    484 |          5
   4658 |          5
   6575 |          5
   3192 |          5
    868 |          5
(10 rows)

 imdbid  
---------
 0114885
 0113041
 0113277
 0114319
 0112302
 0114576
 0113189
 0112346
 0112896
 0112453
(10 rows)

       avg        
------------------
 3.62480147826085
(1 row)